80 25
11111111111111111111111111111111111111111111111111111111111111111111111111111111
11111111111111111111111111111111111111111111111111111111111111111111111111111111
11111111111111111111111111111111111111111111111111111111111111111111111111111111
11111111111111111111111111111111111111111111111111111111111111111111111111111111
11110000001111111111111111111111111111111111111111111111111111111111110000001111
11110000001111111111111111111111111111111111111111111111111111111111110000001111
11110011111111111111111111111111111111111111111111111111111111111111111111001111
11110011111111111111111111111111111111111111111111111111111111111111111111001111
11110011111111111111111111111111111111111111111111111111111111111111111111001111
11110011111111111111111111111111111111111111111111111111111111111111111111001111
11111111111111111111111111111111111111111111111111111111111111111111111111111111
11111111111111111111111111111111111111111111111111111111111111111111111111111111
11111111111111111111111111111111111111111111111111111111111111111111111111111111
11111111111111111111111111111111111111111111111111111111111111111111111111111111
11111111111111111111111111111111111111111111111111111111111111111111111111111111
11110011111111111111111111111111111111111111111111111111111111111111111111001111
11110011111111111111111111111111111111111111111111111111111111111111111111001111
11110011111111111111111111111111111111111111111111111111111111111111111111001111
11110011111111111111111111111111111111111111111111111111111111111111111111001111
11110000001111111111111111111111111111111111111111111111111111111111110000001111
11110000001111111111111111111111111111111111111111111111111111111111110000001111
11111111111111111111111111111111111111111111111111111111111111111111111111111111
11111111111111111111111111111111111111111111111111111111111111111111111111111111
11111111111111111111111111111111111111111111111111111111111111111111111111111111
11111111111111111111111111111111111111111111111111111111111111111111111111111111
