80 25
00000000000000000000000000000000000100000000010000000000000000000000000000000000
00000000000000000000000000000000000100000000010000000000000000000000000000000000
00000000000000000000000000000000000100000000010000000000000000000000000000000000
00000000000000000000000000000000000100000000010000000000000000000000000000000000
00000000000000000000000000000000000100000000010000000000000000000000000000000000
00000000000000000000000000000000000100000000010000000000000000000000000000000000
00000000000000000000000000000000000100000000010000000000000000000000000000000000
00000000000000000000000000000000000100000000010000000000000000000000000000000000
00000000000000000000000000000000000100000000010000000000000000000000000000000000
00000000000000000000000000000000000100000000010000000000000000000000000000000000
00000000000000000000000000000000000100000000010000000000000000000000000000000000
00000000000000000000000000000000000100000000010000000000000000000000000000000000
00000000000000000000000000000000000100000000010000000000000000000000000000000000
00000000000000000000000000000000000100000000010000000000000000000000000000000000
00000000000000000000000000000000000100000000010000000000000000000000000000000000
00000000000000000000000000000000000100000000010000000000000000000000000000000000
00000000000000000000000000000000000100000000010000000000000000000000000000000000
00000000000000000000000000000000000100000000010000000000000000000000000000000000
00000000000000000000000000000000000100000000010000000000000000000000000000000000
00000000000000000000000000000000000100000000010000000000000000000000000000000000
00000000000000000000000000000000000100000000010000000000000000000000000000000000
00000000000000000000000000000000000100000000010000000000000000000000000000000000
00000000000000000000000000000000000100000000010000000000000000000000000000000000
00000000000000000000000000000000000100000000010000000000000000000000000000000000
00000000000000000000000000000000000100000000010000000000000000000000000000000000
